5 0.174672 0.56275 0.0869687 0.112625
5 0.513266 0.583 0.531969 0.313833
0 0.482828 0.800646 0.109438 0.375542
0 0.321852 0.784615 0.143703 0.410521
0 0.857219 0.743885 0.106625 0.351729
0 0.707789 0.62824 0.0377344 0.0486458
0 0.547594 0.670417 0.0455 0.154875
0 0.96543 0.684792 0.0520781 0.163083
0 0.049375 0.627865 0.0123438 0.0478125
0 0.431203 0.667323 0.0363125 0.135562
9 0.0728672 0.547896 0.00776562 0.0325417
9 0.0723828 0.579313 0.00354688 0.0212917
0 0.0833203 0.613312 0.0182031 0.067
5 0.0556016 0.586073 0.0354531 0.0477708
5 0.802828 0.622344 0.0560312 0.154812
0 0.0845547 0.782375 0.132984 0.43525
0 0.480828 0.60951 0.0152812 0.0147292
