2 0.566141 0.489927 0.112781 0.0755208
2 0.613766 0.470427 0.0893437 0.0508125
2 0.738453 0.474906 0.0302187 0.0546875
5 0.873297 0.405875 0.253406 0.461333
7 0.248039 0.406948 0.496078 0.343062
7 0.874742 0.438406 0.250516 0.384271
0 0.708797 0.581844 0.0723125 0.293729
0 0.670195 0.56724 0.0452344 0.292604
0 0.235234 0.608531 0.166781 0.379271
0 0.362273 0.502594 0.0480156 0.200854
0 0.0219609 0.583333 0.0439219 0.313083
0 0.0452344 0.534552 0.0276875 0.111229
0 0.249438 0.561802 0.0707812 0.220229
0 0.281539 0.452031 0.0485469 0.104521
0 0.0750859 0.555448 0.0735156 0.192771
2 0.581688 0.450375 0.0284687 0.0192083
