2 0.954602 0.095167 0.0907969 0.180649
2 0.268734 0.0507699 0.207687 0.0999443
3 0.407844 0.532588 0.800563 0.894378
0 0.553578 0.3191 0.319844 0.498868
0 0.289805 0.120798 0.0711719 0.235733
0 0.135734 0.144833 0.0707187 0.224768
0 0.878094 0.143442 0.0665313 0.196716
0 0.843086 0.123386 0.0300156 0.211818
0 0.710539 0.0917532 0.0714531 0.130297
0 0.543711 0.10256 0.0427031 0.112245
0 0.0818594 0.156781 0.0792812 0.220872
0 0.818414 0.125167 0.0394844 0.193896
0 0.250695 0.112032 0.0348594 0.0394991
0 0.777523 0.0693043 0.0622344 0.0767161
0 0.394859 0.187226 0.0749688 0.356085
