1 0.0791172 0.676162 0.106984 0.29361
3 0.916891 0.546369 0.166219 0.327801
0 0.931797 0.372956 0.0550937 0.0990664
0 0.749781 0.482656 0.048625 0.264108
0 0.271656 0.568683 0.116094 0.311473
0 0.161766 0.531712 0.0772188 0.269357
0 0.104539 0.471815 0.0436406 0.10334
0 0.0776797 0.548465 0.124953 0.307178
0 0.0154141 0.58472 0.0297344 0.281473
0 0.802273 0.484803 0.0602344 0.222635
0 0.211641 0.498734 0.0182812 0.0651452
0 0.692703 0.435934 0.045 0.145021
0 0.632492 0.42862 0.0681094 0.139855
1 0.11518 0.616618 0.0208594 0.0276763
0 0.702406 0.402438 0.02175 0.0637552
0 0.981406 0.413237 0.0371875 0.167012
