3 0.670969 0.776082 0.658062 0.447837
0 0.445539 0.472528 0.103391 0.474901
0 0.817406 0.343013 0.0769062 0.211015
0 0.578812 0.304779 0.0534375 0.186424
0 0.305758 0.313035 0.0752344 0.22064
0 0.164578 0.625684 0.329156 0.583377
0 0.914453 0.35947 0.0870937 0.319912
0 0.663172 0.560817 0.379406 0.849095
0 0.0702656 0.422042 0.10275 0.143068
1 0.315734 0.412351 0.141562 0.168543
0 0.226328 0.316634 0.086875 0.161302
0 0.437898 0.299989 0.0967656 0.209294
0 0.355359 0.273819 0.0377188 0.111656
2 0.895781 0.336711 0.1995 0.240221
0 0.379578 0.289801 0.06025 0.129051
0 0.137453 0.308808 0.122469 0.176424
