2 0.128438 0.364157 0.254594 0.17963
2 0.483859 0.314954 0.279906 0.190185
0 0.687891 0.559099 0.227594 0.55963
0 0.893 0.357887 0.065375 0.253695
0 0.864633 0.298314 0.0311094 0.129007
0 0.941891 0.352621 0.0575312 0.263626
0 0.0545078 0.3847 0.0765156 0.197945
0 0.969758 0.340866 0.0588594 0.284088
0 0.819703 0.369781 0.0526563 0.213972
0 0.28468 0.720023 0.230859 0.368868
0 0.0269062 0.42455 0.0538125 0.13358
2 0.684492 0.291212 0.244547 0.153972
7 0.307523 0.304792 0.0957031 0.141455
2 0.169125 0.300266 0.164938 0.130139
2 0.883578 0.206755 0.0669375 0.0411778
