5 0.80933 0.40674 0.37706 0.296614
7 0.95683 0.166317 0.0407 0.0380251
7 0.94254 0.196034 0.03604 0.0301254
0 0.83453 0.400831 0.02682 0.0875549
0 0.91685 0.804498 0.07598 0.292132
0 0.558 0.525078 0.03176 0.139812
0 0.36488 0.362915 0.01292 0.0741693
0 0.61406 0.566332 0.0332 0.173166
0 0.82062 0.477445 0.02912 0.126238
0 0.85028 0.56953 0.04604 0.161944
0 0.88938 0.622288 0.06288 0.181003
0 0.72414 0.604969 0.05132 0.195204
0 0.4869 0.423605 0.03624 0.0911599
0 0.7826 0.463699 0.03444 0.139248
0 0.95557 0.638119 0.0887 0.208527
0 0.80164 0.600408 0.0458 0.185455
7 0.98483 0.194796 0.03034 0.0275862
