1 0.927062 0.728958 0.145875 0.20452
1 0.810828 0.684192 0.0324688 0.110492
1 0.692727 0.895679 0.143328 0.203911
0 0.707812 0.738993 0.175531 0.519578
0 0.942516 0.585679 0.0615625 0.1426
0 0.887344 0.60822 0.0506875 0.170632
0 0.7815 0.646511 0.0501562 0.22356
0 0.738016 0.623419 0.0410313 0.209508
0 0.585023 0.658162 0.0604844 0.32096
0 0.567031 0.683712 0.0391875 0.300258
1 0.619594 0.669567 0.0327188 0.112482
7 0.334352 0.488735 0.431266 0.68918
0 0.655945 0.543829 0.0254844 0.0449415
0 0.828047 0.641265 0.0451562 0.23363
