1 0.522398 0.672454 0.693859 0.641196
2 0.0961172 0.344856 0.100016 0.063732
2 0.0598984 0.354505 0.0962344 0.0720619
1 0.0850625 0.389598 0.0101875 0.0295052
2 0.184281 0.305423 0.025 0.0258557
2 0.822523 0.321464 0.0733906 0.0307629
2 0.740187 0.314897 0.0353125 0.0286392
2 0.681445 0.307082 0.0283594 0.0167629
2 0.00836719 0.447196 0.0163906 0.0388454
2 0.198211 0.304629 0.0222656 0.025134
2 0.0286641 0.389814 0.0573281 0.109649
2 0.618437 0.307381 0.0345312 0.0179381
2 0.215633 0.293495 0.0155781 0.021299
2 0.593648 0.306144 0.0334219 0.0215258
2 0.158969 0.314082 0.06475 0.0381443
