5 0.479273 0.475278 0.293234 0.45167
5 0.248281 0.499209 0.176937 0.322561
5 0.656492 0.504521 0.0719844 0.174878
5 0.760484 0.516169 0.0739687 0.133898
0 0.822961 0.678653 0.113516 0.435969
0 0.951281 0.595702 0.0470938 0.178976
0 0.906453 0.603441 0.0571875 0.180468
0 0.388211 0.524577 0.0340781 0.0477283
0 0.0976094 0.584521 0.0201875 0.0859688
0 0.0726875 0.586915 0.0186875 0.0775724
0 0.984758 0.575156 0.0180781 0.109465
0 0.0567656 0.581459 0.0145937 0.0738753
0 0.114086 0.569744 0.0149219 0.0558797
0 0.885711 0.586927 0.0181719 0.14588
0 0.0801875 0.556492 0.0149062 0.0289755
0 0.045625 0.560969 0.013125 0.0445212
0 0.155039 0.578408 0.0130469 0.0697773
