2 0.671563 0.235656 0.218406 0.0837292
2 0.864031 0.256792 0.194094 0.0690417
0 0.24468 0.695073 0.344734 0.587438
0 0.169484 0.253167 0.065625 0.0739167
0 0.122555 0.248562 0.0414219 0.091
2 0.378977 0.185042 0.170109 0.0522083
2 0.504492 0.256729 0.256547 0.0836667
2 0.243406 0.214479 0.2285 0.0875417
0 0.807563 0.190344 0.0156875 0.0389375
0 0.0234219 0.245948 0.0468438 0.0986042
0 0.742523 0.272708 0.0482344 0.0925417
0 0.765344 0.176448 0.0175313 0.0228125
0 0.0364844 0.581719 0.0729687 0.244896
0 0.964086 0.28376 0.0718281 0.107188
2 0.947836 0.234573 0.104234 0.0816042
7 0.693344 0.189333 0.204594 0.04625
