1 0.94897 0.653814 0.09994 0.155976
2 0.35355 0.602072 0.08834 0.116276
3 0.6418 0.689835 0.11784 0.268679
3 0.42603 0.691111 0.07326 0.195556
3 0.24888 0.685526 0.08972 0.242462
9 0.12992 0.279384 0.0448 0.152462
9 0.8398 0.242132 0.02984 0.125886
0 0.05089 0.686141 0.10178 0.357327
0 0.41681 0.623589 0.10026 0.294384
0 0.24098 0.633529 0.10268 0.301532
0 0.59191 0.621231 0.0631 0.257598
0 0.9762 0.609009 0.04696 0.237357
0 0.51453 0.546246 0.02002 0.0401802
0 0.65568 0.617342 0.0954 0.262432
1 0.74799 0.680616 0.04854 0.148258
0 0.74339 0.597357 0.0775 0.203784
0 0.5685 0.579009 0.0234 0.107087
0 0.3671 0.534279 0.01084 0.0244144
3 0.57522 0.594745 0.02552 0.103844
3 0.51355 0.584174 0.01958 0.0523123
