2 0.32765 0.58657 0.0745 0.02646
2 0.2425 0.5787 0.09744 0.0398
2 0.32619 0.57368 0.0967 0.03896
2 0.43434 0.58518 0.02992 0.02344
0 0.78545 0.74932 0.18242 0.4306
0 0.1226 0.57969 0.0142 0.03742
0 0.86015 0.60284 0.01754 0.03844
0 0.24159 0.58115 0.01738 0.03542
0 0.21915 0.58259 0.01066 0.03258
0 0.64997 0.59323 0.0239 0.05406
0 0.87419 0.59466 0.01506 0.04472
0 0.47155 0.58418 0.00762 0.02364
0 0.74714 0.5871 0.02016 0.04204
0 0.51944 0.58348 0.0114 0.03096
0 0.95812 0.59933 0.02168 0.04094
2 0.64351 0.5769 0.11162 0.04404
2 0.41798 0.58692 0.04272 0.01988
0 0.39402 0.5859 0.01168 0.0262
0 0.70268 0.58935 0.0358 0.04562
7 0.50808 0.57549 0.10512 0.0465
7 0.95335 0.58023 0.07102 0.06914
2 0.19205 0.58017 0.03462 0.02906
