0 0.399906 0.327817 0.306156 0.457895
0 0.517172 0.259542 0.188312 0.296121
0 0.0933906 0.252115 0.0654375 0.250351
0 0.178242 0.158889 0.0957031 0.132827
0 0.762375 0.145614 0.03625 0.0711891
0 0.736984 0.209347 0.0425937 0.165127
0 0.525563 0.160468 0.0497187 0.0437037
0 0.580445 0.168567 0.0647656 0.0923392
0 0.817852 0.14308 0.0318906 0.0791813
0 0.196906 0.255409 0.0791562 0.222203
0 0.258523 0.240468 0.0593281 0.235828
3 0.531727 0.626238 0.678547 0.631189
3 0.662914 0.316793 0.271422 0.211637
0 0.0711328 0.155858 0.0557344 0.112846
0 0.846305 0.250546 0.0640469 0.240741
