0 0.706469 0.476698 0.0469375 0.134104
0 0.934437 0.565281 0.0775 0.279146
0 0.891422 0.542792 0.0666563 0.283042
0 0.635391 0.478656 0.0471875 0.121354
0 0.606906 0.487958 0.0339062 0.136417
0 0.78068 0.521865 0.0318906 0.0892708
0 0.509125 0.486323 0.0459375 0.119979
0 0.399008 0.532771 0.0440156 0.2015
0 0.129781 0.494385 0.252812 0.988771
0 0.348234 0.543031 0.04275 0.190021
0 0.434438 0.542823 0.0374688 0.193479
0 0.322508 0.543479 0.0478281 0.180542
2 0.863633 0.542479 0.0262969 0.105208
11 0.600227 0.314354 0.0259844 0.058
