2 0.966445 0.478924 0.0671094 0.0620139
2 0.930891 0.471933 0.0563438 0.0442361
2 0.392867 0.413484 0.100109 0.0404398
0 0.799789 0.616134 0.103359 0.281019
0 0.480656 0.669236 0.109781 0.375833
0 0.564852 0.681285 0.0676406 0.373264
0 0.42882 0.719826 0.0601094 0.211042
9 0.354609 0.173102 0.0291875 0.0206481
9 0.302336 0.187292 0.0266406 0.0179167
0 0.356469 0.736725 0.0837813 0.183032
9 0.262555 0.199317 0.0162344 0.0141898
2 0.889219 0.478194 0.0190937 0.0134259
2 0.543438 0.463299 0.0677813 0.0511806
