1 0.596141 0.884365 0.107313 0.212438
5 0.257867 0.439885 0.508984 0.280896
0 0.635836 0.814667 0.116641 0.347458
0 0.194289 0.611302 0.0857656 0.363562
0 0.104 0.622521 0.11075 0.407375
0 0.27475 0.627333 0.0580625 0.270042
0 0.352758 0.60801 0.0911719 0.310771
0 0.793273 0.586688 0.0330781 0.126
0 0.452266 0.529271 0.0569063 0.0962917
0 0.850758 0.573813 0.0286406 0.117333
0 0.561609 0.59049 0.0543438 0.206062
0 0.499219 0.601062 0.0658125 0.224333
0 0.597523 0.529948 0.0450156 0.0877708
0 0.632891 0.53974 0.0267188 0.0657292
0 0.650734 0.521396 0.0150937 0.0457917
1 0.771383 0.609344 0.0258906 0.0483542
