0 0.12832 0.348478 0.0178594 0.0679157
0 0.152023 0.337576 0.0105781 0.0619906
0 0.758102 0.368244 0.0135156 0.0540515
0 0.940953 0.316604 0.0127188 0.0246838
1 0.447383 0.434895 0.0418281 0.0484309
1 0.484187 0.433244 0.0163438 0.0475644
1 0.497344 0.436674 0.0127188 0.03363
1 0.534234 0.433806 0.035625 0.0338407
2 0.659352 0.281323 0.0269531 0.0212412
2 0.835367 0.280445 0.0360469 0.0414988
2 0.154633 0.294227 0.0132969 0.0301874
7 0.0648203 0.284836 0.0929531 0.0583841
1 0.500156 0.434344 0.023 0.0396019
0 0.916898 0.352237 0.0133906 0.0557143
0 0.893797 0.349778 0.01125 0.0535597
2 0.703141 0.280937 0.0134375 0.0134895
1 0.894586 0.35555 0.0241719 0.0363934
