2 0.90421 0.363373 0.10338 0.0995467
0 0.14462 0.259987 0.16816 0.201787
0 0.67703 0.321813 0.03042 0.108427
0 0.53139 0.322253 0.0249 0.12856
0 0.77171 0.323747 0.03518 0.13416
9 0.47827 0.1576 0.02058 0.03888
9 0.43718 0.06236 0.02908 0.0481867
0 0.51048 0.315547 0.03352 0.126453
0 0.60246 0.334027 0.01728 0.109387
7 0.11751 0.27748 0.23254 0.179973
7 0.95855 0.46452 0.0829 0.31896
9 0.61012 0.143427 0.026 0.09128
0 0.67227 0.265453 0.00954 0.0322933
0 0.72226 0.311787 0.02044 0.0934933
0 0.95855 0.277827 0.02966 0.0591733
0 0.44732 0.318893 0.03044 0.0967733
0 0.49042 0.293227 0.01928 0.0535467
2 0.2691 0.31592 0.07352 0.04704
0 0.57783 0.33196 0.0271 0.1092
