7 0.171367 0.549778 0.231703 0.214222
7 0.359156 0.472333 0.135281 0.138278
0 0.19068 0.614875 0.111141 0.327694
0 0.0397813 0.657056 0.0309063 0.176611
0 0.0104453 0.656486 0.0197656 0.176639
0 0.284211 0.505764 0.0562031 0.123306
0 0.417242 0.543986 0.0380781 0.133028
0 0.391914 0.605931 0.0547344 0.249972
0 0.476836 0.582486 0.111266 0.315139
0 0.771508 0.543597 0.0750156 0.255917
0 0.671617 0.579958 0.132047 0.343972
0 0.354047 0.639528 0.0816562 0.3895
0 0.569953 0.516944 0.0820937 0.1965
0 0.931 0.501833 0.060625 0.218778
0 0.84732 0.553208 0.0697969 0.215028
