5 0.48711 0.310547 0.10602 0.177204
5 0.12347 0.307857 0.24102 0.305623
5 0.40363 0.308541 0.0925 0.199453
5 0.55546 0.303739 0.07828 0.135137
5 0.27296 0.314103 0.19776 0.255258
0 0.80661 0.624711 0.33566 0.728085
0 0.76178 0.389985 0.03952 0.143556
0 0.68901 0.365714 0.03218 0.117386
0 0.67456 0.403131 0.0462 0.180061
0 0.96492 0.405137 0.04268 0.187903
0 0.38502 0.405091 0.0388 0.161793
0 0.33292 0.398647 0.02984 0.14228
0 0.61543 0.391793 0.0481 0.18462
0 0.11987 0.416824 0.03806 0.198024
0 0.24069 0.43538 0.05638 0.145653
0 0.03918 0.411246 0.034 0.202249
0 0.07235 0.420456 0.03154 0.177933
5 0.60702 0.29041 0.05544 0.0748024
0 0.74758 0.289468 0.01356 0.0471429
