2 0.164781 0.218181 0.104281 0.0373474
2 0.593703 0.279871 0.148781 0.0711033
2 0.534 0.230904 0.0557187 0.0396009
0 0.593484 0.5502 0.196 0.384812
0 0.726797 0.583908 0.164563 0.386268
0 0.879609 0.457688 0.139406 0.247347
0 0.285461 0.334507 0.0259844 0.0966197
0 0.259461 0.354354 0.0341406 0.0440141
0 0.417063 0.362899 0.0234688 0.0481925
0 0.225094 0.251291 0.0281563 0.068216
0 0.413187 0.317242 0.0305 0.0696948
0 0.446758 0.316303 0.0295156 0.0776291
0 0.893375 0.482007 0.156094 0.347723
2 0.838617 0.271866 0.0533281 0.056831
7 0.828961 0.272312 0.0774531 0.0596009
7 0.418898 0.241432 0.129016 0.11831
0 0.429898 0.361854 0.0195781 0.0461972
7 0.534617 0.236514 0.0554531 0.0543427
0 0.323641 0.335387 0.0235938 0.0961268
0 0.356578 0.324495 0.0185 0.0764085
